0.000000000000000000e+00 1.266479492187500000e-03 -1.451492309570312500e-03 2.725730300880969113e-04
6.520938873291015625e-02 3.421783447265625000e-03 1.096725463867187500e-04 -7.479826454073192857e-04
1.150786876678466797e-01 2.054214477539062500e-03 -1.002311706542968750e-03 -1.037756519508548081e-04
1.600136756896972656e-01 2.920150756835937500e-03 6.999969482421875000e-04 -9.577909950166940689e-04
2.053244113922119141e-01 1.154899597167968750e-03 -7.410049438476562500e-04 2.894889621529728716e-04
2.492370605468750000e-01 1.456260681152343750e-03 -7.219314575195312500e-04 6.601401764783077789e-06
2.943711280822753906e-01 1.759529113769531250e-03 -2.288818359375000000e-04 -1.538435608381406015e-04
3.387138843536376953e-01 1.913070678710937500e-03 -1.361846923828125000e-03 6.788971950300039216e-05
3.820550441741943359e-01 1.714706420898437500e-03 -6.036758422851562500e-04 -1.128355579567141831e-04
4.269444942474365234e-01 1.555442810058593750e-03 -2.578735351562500000e-03 2.398709766566753930e-04
4.706680774688720703e-01 1.241683959960937500e-03 -2.296447753906250000e-03 8.248328231275081635e-05
5.161209106445312500e-01 2.654075622558593750e-03 -1.974105834960937500e-03 -1.600424438947811723e-04
5.605943202972412109e-01 5.235671997070312500e-04 2.193450927734375000e-05 9.234306344296783209e-05
6.040711402893066406e-01 2.132415771484375000e-03 -7.886886596679687500e-04 -2.234617859357968244e-04
6.484503746032714844e-01 2.024650573730468750e-03 -1.877784729003906250e-03 9.033945389091969892e-05
6.922173500061035156e-01 3.862380981445312500e-04 -7.362365722656250000e-04 2.165326004615053535e-04
7.354547977447509766e-01 1.658439636230468750e-03 -5.397796630859375000e-04 -7.707277109147980809e-05
7.791743278503417969e-01 5.626678466796875000e-04 -1.992225646972656250e-03 3.510163514874876088e-04
8.233428001403808594e-01 1.627922058105468750e-03 -1.286506652832031250e-03 -7.182756235124543309e-05
8.676328659057617188e-01 1.120567321777343750e-03 -3.566741943359375000e-04 -1.042524891090579195e-04
9.133765697479248047e-01 2.069473266601562500e-03 -3.690719604492187500e-04 -1.365343177894829010e-05
9.571077823638916016e-01 2.894401550292968750e-03 6.122589111328125000e-04 -3.040472511202096939e-04
1.000834226608276367e+00 2.588272094726562500e-03 9.021759033203125000e-04 -2.387205749982968515e-04
1.045413017272949219e+00 2.131462097167968750e-03 1.163482666015625000e-03 1.372381811961531639e-04
1.090325832366943359e+00 1.707077026367187500e-03 4.358291625976562500e-04 -1.085440235328860852e-04
1.134288549423217773e+00 2.001762390136718750e-03 2.079010009765625000e-04 9.555686847306789323e-05
1.178747653961181641e+00 2.326965332031250000e-03 3.271102905273437500e-04 -1.460710609535453841e-05
1.222637891769409180e+00 5.056381225585937500e-03 -5.245208740234375000e-04 -9.387175086885691773e-04
1.266731023788452148e+00 1.409530639648437500e-03 -1.843452453613281250e-03 3.461108426563441753e-04
1.310664892196655273e+00 1.811027526855468750e-03 -1.660346984863281250e-03 1.716515980660915646e-04
1.357754468917846680e+00 3.436088562011718750e-03 -1.456260681152343750e-03 -5.191008094698190689e-04
1.398366451263427734e+00 1.295089721679687500e-03 -8.316040039062500000e-04 2.646187203936279159e-05
1.441810607910156250e+00 1.805305480957031250e-03 -1.293182373046875000e-03 -1.460710609535453841e-05
1.485805034637451172e+00 1.520156860351562500e-03 -7.286071777343750000e-04 -2.778212074190378189e-04
1.528957843780517578e+00 2.072334289550781250e-03 -1.339912414550781250e-03 1.102320129575673660e-05
1.572063207626342773e+00 2.058982849121093750e-03 -7.600784301757812500e-04 7.409619865939022466e-05
1.616347312927246094e+00 1.984596252441406250e-03 -3.328323364257812500e-04 2.618235157569870776e-06
1.660587549209594727e+00 5.272865295410156250e-03 -6.523132324218750000e-04 -7.389227394014598023e-04
1.704428195953369141e+00 8.375167846679687500e-03 -2.038002014160156250e-03 -9.849707130342724107e-04
1.747910737991333008e+00 1.740360260009765625e-02 6.618499755859375000e-04 -1.662556314840913036e-03
1.791631221771240234e+00 3.464031219482421875e-02 -1.370429992675781250e-03 -2.493206644430756569e-03
1.835321903228759766e+00 5.383396148681640625e-02 -1.524925231933593750e-03 -1.345459604635834911e-03
1.879356384277343750e+00 7.850933074951171875e-02 8.726119995117187500e-04 2.691893139854073524e-03
1.923300981521606445e+00 1.055364608764648438e-01 -1.276016235351562500e-03 4.953311290591955185e-03
1.967206239700317383e+00 1.267671585083007812e-01 2.861022949218750000e-06 5.661969073116780195e-03
2.010409116744995117e+00 1.445341110229492188e-01 1.162528991699218750e-03 9.722817689180374146e-03
2.054146766662597656e+00 1.652975082397460938e-01 -3.019332885742187500e-03 1.279229763895273382e-02
2.097563028335571289e+00 1.900320053100585938e-01 2.026557922363281250e-03 2.033385448157787323e-02
2.141790628433227539e+00 2.084779739379882812e-01 1.510620117187500000e-03 2.519274689257145275e-02
2.185913562774658203e+00 2.277650833129882812e-01 5.049705505371093750e-03 2.823840640485287060e-02
2.229853153228759766e+00 2.490119934082031250e-01 7.140159606933593750e-03 3.122757934033870003e-02
2.273322343826293945e+00 2.702503204345703125e-01 7.971763610839843750e-03 3.492598235607147217e-02
2.317674636840820312e+00 2.908210754394531250e-01 6.988525390625000000e-03 3.873398527503014305e-02
2.361339569091796875e+00 3.038740158081054688e-01 1.061534881591796875e-02 4.265587776899338462e-02
2.405465364456176758e+00 3.224334716796875000e-01 1.141071319580078125e-02 4.668113216757775047e-02
2.448959112167358398e+00 3.408889770507812500e-01 9.181022644042968750e-03 5.100079253315926292e-02
2.492757081985473633e+00 3.592939376831054688e-01 1.225948333740234375e-02 5.443910881876944802e-02
2.536599397659301758e+00 3.783645629882812500e-01 1.687908172607421875e-02 5.829084292054176331e-02
2.589206218719482422e+00 4.189910888671875000e-01 1.965904235839843750e-02 6.631117314100266891e-02
2.632827043533325195e+00 4.373569488525390625e-01 2.141666412353515625e-02 7.003239542245864868e-02
2.677120923995971680e+00 4.558124542236328125e-01 2.405643463134765625e-02 7.453520596027377043e-02
2.720791578292846680e+00 4.768066406250000000e-01 2.260303497314453125e-02 7.911778986454010010e-02
2.765132904052734375e+00 4.932861328125000000e-01 2.665138244628906250e-02 8.203286677598954635e-02
2.808413028717041016e+00 5.126600265502929688e-01 2.981472015380859375e-02 8.569075167179109054e-02
2.852388858795166016e+00 5.297079086303710938e-01 3.283977508544921875e-02 9.012942761182789198e-02
2.896370172500610352e+00 5.489683151245117188e-01 3.496074676513671875e-02 9.439962357282639938e-02
2.940513134002685547e+00 5.848722457885742188e-01 3.950881958007812500e-02 1.016077473759651462e-01
2.985148906707763672e+00 6.066541671752929688e-01 3.707313537597656250e-02 1.068907603621482988e-01
3.030039787292480469e+00 6.256027221679687500e-01 4.183483123779296875e-02 1.101896762847900391e-01
3.074604034423828125e+00 6.429796218872070312e-01 4.426765441894531250e-02 1.140189245343208591e-01
3.118416547775268555e+00 6.623182296752929688e-01 4.497337341308593750e-02 1.185551583766937395e-01
3.163405656814575195e+00 6.791076660156250000e-01 5.039215087890625000e-02 1.213722899556160251e-01
3.208321094512939453e+00 6.972990036010742188e-01 5.277538299560546875e-02 1.257161200046539584e-01
3.252410411834716797e+00 7.180938720703125000e-01 5.243682861328125000e-02 1.304665207862853726e-01
3.297860145568847656e+00 7.373046875000000000e-01 5.510139465332031250e-02 1.340036541223526279e-01
3.343242645263671875e+00 7.731504440307617188e-01 6.129741668701171875e-02 1.424726992845535556e-01
3.389151811599731445e+00 7.938070297241210938e-01 6.379032135009765625e-02 1.457083523273468018e-01
3.433748245239257812e+00 8.121709823608398438e-01 6.577873229980468750e-02 1.495165377855301181e-01
3.488086938858032227e+00 8.281478881835937500e-01 7.044124603271484375e-02 1.529198437929153720e-01
3.533078670501708984e+00 8.477582931518554688e-01 7.335376739501953125e-02 1.569860726594925204e-01
3.579821586608886719e+00 8.663282394409179688e-01 7.719326019287109375e-02 1.606914550065994540e-01
3.625377416610717773e+00 9.030961990356445312e-01 8.334159851074218750e-02 1.685667484998703003e-01
3.670612335205078125e+00 9.231462478637695312e-01 8.598423004150390625e-02 1.724418401718139926e-01
3.716494083404541016e+00 9.414281845092773438e-01 8.975410461425781250e-02 1.762137413024902344e-01
3.761683464050292969e+00 9.580631256103515625e-01 9.512424468994140625e-02 1.800952255725860596e-01
3.806544780731201172e+00 9.743366241455078125e-01 1.019849777221679688e-01 1.829359829425811768e-01
3.852382898330688477e+00 9.920520782470703125e-01 1.062707901000976562e-01 1.867507845163345337e-01
3.899278879165649414e+00 1.012087821960449219e+00 1.064929962158203125e-01 1.925080716609955112e-01
3.944653034210205078e+00 1.045687675476074219e+00 1.159162521362304688e-01 2.003359198570252020e-01
3.990192174911499023e+00 1.063832283020019531e+00 1.212387084960937500e-01 2.036163210868835727e-01
4.036011695861816406e+00 1.081100463867187500e+00 1.263036727905273438e-01 2.077021002769470215e-01
4.082045078277587891e+00 1.098729133605957031e+00 1.306390762329101562e-01 2.118822634220123291e-01
4.127795219421386719e+00 1.117522239685058594e+00 1.356935501098632812e-01 2.155611515045166293e-01
4.174200534820556641e+00 1.135292053222656250e+00 1.386423110961914062e-01 2.196232825517654419e-01
4.220498800277709961e+00 1.172723770141601562e+00 1.453065872192382812e-01 2.288674116134643832e-01
4.274277210235595703e+00 1.190449714660644531e+00 1.497182846069335938e-01 2.329742312431335727e-01
4.320014238357543945e+00 1.206954002380371094e+00 1.581754684448242188e-01 2.358977645635605136e-01
4.379911661148071289e+00 1.226463317871093750e+00 1.630086898803710938e-01 2.392797619104385654e-01
4.427528381347656250e+00 1.264140129089355469e+00 1.720495223999023438e-01 2.483796030282974243e-01
4.474182128906250000e+00 1.282286643981933594e+00 1.784772872924804688e-01 2.520540356636047918e-01
4.520429372787475586e+00 1.299986839294433594e+00 1.814107894897460938e-01 2.561631202697753906e-01
4.566396236419677734e+00 1.319476127624511719e+00 1.832838058471679688e-01 2.621822655200958807e-01
4.617103576660156250e+00 1.336146354675292969e+00 1.910762786865234375e-01 2.654316425323486883e-01
4.663205862045288086e+00 1.374710083007812500e+00 1.996870040893554688e-01 2.743439376354217529e-01
4.709288597106933594e+00 1.392802238464355469e+00 2.061529159545898438e-01 2.775066792964935858e-01
4.755082845687866211e+00 1.410336494445800781e+00 2.115840911865234375e-01 2.821899652481079102e-01
4.801014423370361328e+00 1.428374290466308594e+00 2.163686752319335938e-01 2.870291769504547674e-01
4.846582651138305664e+00 1.446525573730468750e+00 2.227993011474609375e-01 2.901852428913117010e-01
4.892833232879638672e+00 1.463020324707031250e+00 2.297010421752929688e-01 2.934081554412842352e-01
4.938632965087890625e+00 1.481262207031250000e+00 2.333345413208007812e-01 2.987672388553619385e-01
4.985192060470581055e+00 1.518666267395019531e+00 2.452039718627929688e-01 3.060903847217560370e-01
5.030279874801635742e+00 1.535811424255371094e+00 2.510299682617187500e-01 3.101205527782440186e-01
5.076180696487426758e+00 1.554030418395996094e+00 2.569894790649414062e-01 3.148240149021149237e-01
5.122617244720458984e+00 1.572630882263183594e+00 2.633342742919921875e-01 3.186313211917877752e-01
5.168068885803222656e+00 1.588347434997558594e+00 2.717924118041992188e-01 3.213263452053070623e-01
5.214115858078002930e+00 1.605769157409667969e+00 2.784633636474609375e-01 3.253830969333648682e-01
5.269070625305175781e+00 1.641586303710937500e+00 2.908630371093750000e-01 3.341314494609832764e-01
5.315440416336059570e+00 1.659059524536132812e+00 2.970991134643554688e-01 3.383075594902038574e-01
5.361750602722167969e+00 1.677858352661132812e+00 3.032789230346679688e-01 3.418515622615814209e-01
5.410749197006225586e+00 1.694731712341308594e+00 3.105192184448242188e-01 3.458158075809478760e-01
5.455924987792968750e+00 1.710845947265625000e+00 3.181781768798828125e-01 3.502031564712524414e-01
5.505286216735839844e+00 1.746336936950683594e+00 3.326921463012695312e-01 3.571083843708038330e-01
5.550010204315185547e+00 1.762674331665039062e+00 3.402509689331054688e-01 3.609355688095092773e-01
5.595476627349853516e+00 1.780382156372070312e+00 3.472509384155273438e-01 3.646184206008911688e-01
5.648332118988037109e+00 1.799898147583007812e+00 3.520803451538085938e-01 3.697069883346558172e-01
5.693230867385864258e+00 1.816428184509277344e+00 3.580417633056640625e-01 3.739263415336609442e-01
5.738776683807373047e+00 1.833320617675781250e+00 3.662004470825195312e-01 3.768286108970642645e-01
5.783939838409423828e+00 1.866955757141113281e+00 3.800449371337890625e-01 3.856816887855530340e-01
5.828649759292602539e+00 1.884383201599121094e+00 3.871603012084960938e-01 3.892802894115447443e-01
5.877928018569946289e+00 1.901227951049804688e+00 3.948793411254882812e-01 3.925136625766754706e-01
5.924554347991943359e+00 1.918118476867675781e+00 4.018201828002929688e-01 3.974924683570862372e-01
5.973275423049926758e+00 1.934742927551269531e+00 4.095535278320312500e-01 4.017593860626221813e-01
6.022672653198242188e+00 1.951528549194335938e+00 4.171266555786132812e-01 4.044316411018371582e-01
6.073476076126098633e+00 1.984830856323242188e+00 4.337759017944335938e-01 4.125028848648071289e-01
6.122619152069091797e+00 2.002079963684082031e+00 4.412612915039062500e-01 4.163874089717865545e-01
6.179582357406616211e+00 2.019294738769531250e+00 4.497089385986328125e-01 4.209686815738679089e-01
6.230169534683227539e+00 2.054182052612304688e+00 4.685668945312500000e-01 4.280270636081695002e-01
6.279899597167968750e+00 2.069631576538085938e+00 4.755315780639648438e-01 4.321880042552948553e-01
6.328257083892822266e+00 2.086530685424804688e+00 4.845094680786132812e-01 4.361415803432465155e-01
6.376909494400024414e+00 2.103009223937988281e+00 4.922780990600585938e-01 4.401990175247193493e-01
6.426443099975585938e+00 2.135922431945800781e+00 5.086746215820312500e-01 4.480702579021454413e-01
6.477350711822509766e+00 2.153475761413574219e+00 5.185241699218750000e-01 4.520567953586578924e-01
6.525629281997680664e+00 2.169378280639648438e+00 5.263109207153320312e-01 4.558045566082001843e-01
6.574159145355224609e+00 2.186305046081542969e+00 5.350847244262695312e-01 4.597456157207490124e-01
6.622943878173828125e+00 2.218274116516113281e+00 5.519275665283203125e-01 4.687418937683106024e-01
6.672731876373291016e+00 2.235063552856445312e+00 5.603284835815429688e-01 4.726905226707457941e-01
6.721029043197631836e+00 2.251775741577148438e+00 5.695371627807617188e-01 4.765011370182038464e-01
6.769318819046020508e+00 2.268124580383300781e+00 5.783233642578125000e-01 4.806991219520569403e-01
6.817786693572998047e+00 2.285171508789062500e+00 5.876989364624023438e-01 4.842115342617036577e-01
6.866797924041748047e+00 2.318864822387695312e+00 6.057453155517578125e-01 4.927591979503630482e-01
6.912935733795166016e+00 2.334808349609375000e+00 6.152830123901367188e-01 4.970840215682983954e-01
6.957246541976928711e+00 2.350466728210449219e+00 6.229887008666992188e-01 5.003182291984558105e-01
7.001202583312988281e+00 2.366510391235351562e+00 6.323060989379882812e-01 5.043982267379760742e-01
7.053247213363647461e+00 2.382443428039550781e+00 6.417684555053710938e-01 5.084831714630126953e-01
7.097517490386962891e+00 2.398757934570312500e+00 6.514196395874023438e-01 5.127827525138856091e-01
7.141828775405883789e+00 2.430967330932617188e+00 6.700735092163085938e-01 5.198891758918762207e-01
7.187783718109130859e+00 2.447374343872070312e+00 6.795501708984375000e-01 5.244981050491334118e-01
7.231950998306274414e+00 2.463047981262207031e+00 6.897115707397460938e-01 5.279782414436341442e-01
7.276192188262939453e+00 2.479451179504394531e+00 6.989545822143554688e-01 5.314579010009766735e-01
7.320457458496093750e+00 2.495973587036132812e+00 7.082824707031250000e-01 5.358336567878724255e-01
7.365233182907104492e+00 2.511384963989257812e+00 7.192077636718750000e-01 5.396649837493897595e-01
7.411012649536132812e+00 2.526522636413574219e+00 7.294692993164062500e-01 5.419641733169556774e-01
7.470887422561645508e+00 2.543081283569335938e+00 7.386646270751953125e-01 5.469359755516052246e-01
7.508774280548095703e+00 2.573907852172851562e+00 7.588186264038085938e-01 5.545540452003480114e-01
7.553333997726440430e+00 2.589131355285644531e+00 7.694597244262695312e-01 5.580863952636719860e-01
