0.000000000000000000e+00 0.000000000000000000e+00
0.000000000000000000e+00 0.000000000000000000e+00
0.000000000000000000e+00 0.000000000000000000e+00
0.000000000000000000e+00 0.000000000000000000e+00
0.000000000000000000e+00 0.000000000000000000e+00
0.000000000000000000e+00 0.000000000000000000e+00
0.000000000000000000e+00 0.000000000000000000e+00
0.000000000000000000e+00 0.000000000000000000e+00
0.000000000000000000e+00 0.000000000000000000e+00
0.000000000000000000e+00 0.000000000000000000e+00
0.000000000000000000e+00 0.000000000000000000e+00
0.000000000000000000e+00 0.000000000000000000e+00
0.000000000000000000e+00 0.000000000000000000e+00
0.000000000000000000e+00 0.000000000000000000e+00
1.478170731707316943e+00 2.088719512195122086e+00
2.602865853658536732e+00 3.213414634146341875e+00
2.602865853658536732e+00 3.213414634146341875e+00
2.602865853658536732e+00 3.213414634146341875e+00
2.602865853658536732e+00 3.213414634146341875e+00
2.602865853658536732e+00 3.213414634146341875e+00
2.602865853658536732e+00 3.213414634146341875e+00
2.602865853658536732e+00 3.213414634146341875e+00
2.602865853658536732e+00 3.213414634146341875e+00
2.602865853658536732e+00 3.213414634146341875e+00
2.602865853658536732e+00 3.213414634146341875e+00
2.602865853658536732e+00 3.213414634146341875e+00
2.602865853658536732e+00 3.213414634146341875e+00
2.602865853658536732e+00 3.213414634146341875e+00
2.602865853658536732e+00 3.213414634146341875e+00
2.602865853658536732e+00 3.213414634146341875e+00
2.602865853658536732e+00 3.213414634146341875e+00
2.602865853658536732e+00 3.213414634146341875e+00
2.602865853658536732e+00 3.213414634146341875e+00
2.602865853658536732e+00 3.213414634146341875e+00
2.602865853658536732e+00 3.213414634146341875e+00
2.602865853658536732e+00 3.213414634146341875e+00
2.602865853658536732e+00 3.213414634146341875e+00
2.602865853658536732e+00 3.213414634146341875e+00
2.602865853658536732e+00 3.213414634146341875e+00
2.602865853658536732e+00 3.213414634146341875e+00
2.602865853658536732e+00 3.213414634146341875e+00
2.602865853658536732e+00 3.213414634146341875e+00
2.602865853658536732e+00 3.213414634146341875e+00
2.602865853658536732e+00 3.213414634146341875e+00
2.602865853658536732e+00 3.213414634146341875e+00
2.602865853658536732e+00 3.213414634146341875e+00
2.602865853658536732e+00 3.213414634146341875e+00
2.602865853658536732e+00 3.213414634146341875e+00
2.602865853658536732e+00 3.213414634146341875e+00
2.602865853658536732e+00 3.213414634146341875e+00
2.602865853658536732e+00 3.213414634146341875e+00
2.602865853658536732e+00 3.213414634146341875e+00
2.602865853658536732e+00 3.213414634146341875e+00
2.602865853658536732e+00 3.213414634146341875e+00
2.602865853658536732e+00 3.213414634146341875e+00
2.602865853658536732e+00 3.213414634146341875e+00
2.602865853658536732e+00 3.213414634146341875e+00
2.602865853658536732e+00 3.213414634146341875e+00
2.602865853658536732e+00 3.213414634146341875e+00
2.602865853658536732e+00 3.213414634146341875e+00
2.602865853658536732e+00 3.213414634146341875e+00
2.602865853658536732e+00 3.213414634146341875e+00
2.602865853658536732e+00 3.213414634146341875e+00
2.602865853658536732e+00 3.213414634146341875e+00
2.602865853658536732e+00 3.213414634146341875e+00
2.602865853658536732e+00 3.213414634146341875e+00
2.602865853658536732e+00 3.213414634146341875e+00
2.602865853658536732e+00 3.213414634146341875e+00
2.602865853658536732e+00 3.213414634146341875e+00
2.602865853658536732e+00 3.213414634146341875e+00
2.602865853658536732e+00 3.213414634146341875e+00
2.602865853658536732e+00 3.213414634146341875e+00
2.602865853658536732e+00 3.213414634146341875e+00
2.602865853658536732e+00 3.213414634146341875e+00
2.602865853658536732e+00 3.213414634146341875e+00
2.602865853658536732e+00 3.213414634146341875e+00
