0.000000000000000000e+00
6.520938873291015625e-02
1.150786876678466797e-01
1.600136756896972656e-01
2.053244113922119141e-01
2.492370605468750000e-01
2.943711280822753906e-01
3.387138843536376953e-01
3.820550441741943359e-01
4.269444942474365234e-01
4.706680774688720703e-01
5.161209106445312500e-01
5.605943202972412109e-01
6.040711402893066406e-01
6.484503746032714844e-01
6.922173500061035156e-01
7.354547977447509766e-01
7.791743278503417969e-01
8.233428001403808594e-01
8.676328659057617188e-01
9.133765697479248047e-01
9.571077823638916016e-01
1.000834226608276367e+00
1.045413017272949219e+00
1.090325832366943359e+00
1.134288549423217773e+00
1.178747653961181641e+00
1.222637891769409180e+00
1.266731023788452148e+00
1.310664892196655273e+00
1.357754468917846680e+00
1.398366451263427734e+00
1.441810607910156250e+00
1.485805034637451172e+00
1.528957843780517578e+00
1.572063207626342773e+00
1.616347312927246094e+00
1.660587549209594727e+00
1.704428195953369141e+00
1.747910737991333008e+00
1.791631221771240234e+00
1.835321903228759766e+00
1.879356384277343750e+00
1.923300981521606445e+00
1.967206239700317383e+00
2.010409116744995117e+00
2.054146766662597656e+00
2.097563028335571289e+00
2.141790628433227539e+00
2.185913562774658203e+00
2.229853153228759766e+00
2.273322343826293945e+00
2.317674636840820312e+00
2.361339569091796875e+00
2.405465364456176758e+00
2.448959112167358398e+00
2.492757081985473633e+00
2.536599397659301758e+00
2.589206218719482422e+00
2.632827043533325195e+00
2.677120923995971680e+00
2.720791578292846680e+00
2.765132904052734375e+00
2.808413028717041016e+00
2.852388858795166016e+00
2.896370172500610352e+00
2.940513134002685547e+00
2.985148906707763672e+00
3.030039787292480469e+00
3.074604034423828125e+00
3.118416547775268555e+00
3.163405656814575195e+00
3.208321094512939453e+00
3.252410411834716797e+00
3.297860145568847656e+00
3.343242645263671875e+00
3.389151811599731445e+00
3.433748245239257812e+00
3.488086938858032227e+00
3.533078670501708984e+00
3.579821586608886719e+00
3.625377416610717773e+00
3.670612335205078125e+00
3.716494083404541016e+00
3.761683464050292969e+00
3.806544780731201172e+00
3.852382898330688477e+00
3.899278879165649414e+00
3.944653034210205078e+00
3.990192174911499023e+00
4.036011695861816406e+00
4.082045078277587891e+00
4.127795219421386719e+00
4.174200534820556641e+00
4.220498800277709961e+00
4.274277210235595703e+00
4.320014238357543945e+00
4.379911661148071289e+00
4.427528381347656250e+00
4.474182128906250000e+00
4.520429372787475586e+00
4.566396236419677734e+00
4.617103576660156250e+00
4.663205862045288086e+00
4.709288597106933594e+00
4.755082845687866211e+00
4.801014423370361328e+00
4.846582651138305664e+00
4.892833232879638672e+00
4.938632965087890625e+00
4.985192060470581055e+00
5.030279874801635742e+00
5.076180696487426758e+00
5.122617244720458984e+00
5.168068885803222656e+00
5.214115858078002930e+00
5.269070625305175781e+00
5.315440416336059570e+00
5.361750602722167969e+00
5.410749197006225586e+00
5.455924987792968750e+00
5.505286216735839844e+00
5.550010204315185547e+00
5.595476627349853516e+00
5.648332118988037109e+00
5.693230867385864258e+00
5.738776683807373047e+00
5.783939838409423828e+00
5.828649759292602539e+00
5.877928018569946289e+00
5.924554347991943359e+00
5.973275423049926758e+00
6.022672653198242188e+00
6.073476076126098633e+00
6.122619152069091797e+00
6.179582357406616211e+00
6.230169534683227539e+00
6.279899597167968750e+00
6.328257083892822266e+00
6.376909494400024414e+00
6.426443099975585938e+00
6.477350711822509766e+00
6.525629281997680664e+00
6.574159145355224609e+00
6.622943878173828125e+00
6.672731876373291016e+00
6.721029043197631836e+00
6.769318819046020508e+00
6.817786693572998047e+00
6.866797924041748047e+00
6.912935733795166016e+00
6.957246541976928711e+00
7.001202583312988281e+00
7.053247213363647461e+00
7.097517490386962891e+00
7.141828775405883789e+00
7.187783718109130859e+00
7.231950998306274414e+00
7.276192188262939453e+00
7.320457458496093750e+00
7.365233182907104492e+00
7.411012649536132812e+00
7.470887422561645508e+00
7.508774280548095703e+00
7.553333997726440430e+00
