1.266479492187500000e-03 -1.451492309570312500e-03
3.421783447265625000e-03 1.096725463867187500e-04
2.054214477539062500e-03 -1.002311706542968750e-03
2.920150756835937500e-03 6.999969482421875000e-04
1.154899597167968750e-03 -7.410049438476562500e-04
1.456260681152343750e-03 -7.219314575195312500e-04
1.759529113769531250e-03 -2.288818359375000000e-04
1.913070678710937500e-03 -1.361846923828125000e-03
1.714706420898437500e-03 -6.036758422851562500e-04
1.555442810058593750e-03 -2.578735351562500000e-03
1.241683959960937500e-03 -2.296447753906250000e-03
2.654075622558593750e-03 -1.974105834960937500e-03
5.235671997070312500e-04 2.193450927734375000e-05
2.132415771484375000e-03 -7.886886596679687500e-04
2.024650573730468750e-03 -1.877784729003906250e-03
3.862380981445312500e-04 -7.362365722656250000e-04
1.658439636230468750e-03 -5.397796630859375000e-04
5.626678466796875000e-04 -1.992225646972656250e-03
1.627922058105468750e-03 -1.286506652832031250e-03
1.120567321777343750e-03 -3.566741943359375000e-04
2.069473266601562500e-03 -3.690719604492187500e-04
2.894401550292968750e-03 6.122589111328125000e-04
2.588272094726562500e-03 9.021759033203125000e-04
2.131462097167968750e-03 1.163482666015625000e-03
1.707077026367187500e-03 4.358291625976562500e-04
2.001762390136718750e-03 2.079010009765625000e-04
2.326965332031250000e-03 3.271102905273437500e-04
5.056381225585937500e-03 -5.245208740234375000e-04
1.409530639648437500e-03 -1.843452453613281250e-03
1.811027526855468750e-03 -1.660346984863281250e-03
3.436088562011718750e-03 -1.456260681152343750e-03
1.295089721679687500e-03 -8.316040039062500000e-04
1.805305480957031250e-03 -1.293182373046875000e-03
1.520156860351562500e-03 -7.286071777343750000e-04
2.072334289550781250e-03 -1.339912414550781250e-03
2.058982849121093750e-03 -7.600784301757812500e-04
1.984596252441406250e-03 -3.328323364257812500e-04
5.272865295410156250e-03 -6.523132324218750000e-04
8.375167846679687500e-03 -2.038002014160156250e-03
1.740360260009765625e-02 6.618499755859375000e-04
3.464031219482421875e-02 -1.370429992675781250e-03
5.383396148681640625e-02 -1.524925231933593750e-03
7.850933074951171875e-02 8.726119995117187500e-04
1.055364608764648438e-01 -1.276016235351562500e-03
1.267671585083007812e-01 2.861022949218750000e-06
1.445341110229492188e-01 1.162528991699218750e-03
1.652975082397460938e-01 -3.019332885742187500e-03
1.900320053100585938e-01 2.026557922363281250e-03
2.084779739379882812e-01 1.510620117187500000e-03
2.277650833129882812e-01 5.049705505371093750e-03
2.490119934082031250e-01 7.140159606933593750e-03
2.702503204345703125e-01 7.971763610839843750e-03
2.908210754394531250e-01 6.988525390625000000e-03
3.038740158081054688e-01 1.061534881591796875e-02
3.224334716796875000e-01 1.141071319580078125e-02
3.408889770507812500e-01 9.181022644042968750e-03
3.592939376831054688e-01 1.225948333740234375e-02
3.783645629882812500e-01 1.687908172607421875e-02
4.189910888671875000e-01 1.965904235839843750e-02
4.373569488525390625e-01 2.141666412353515625e-02
4.558124542236328125e-01 2.405643463134765625e-02
4.768066406250000000e-01 2.260303497314453125e-02
4.932861328125000000e-01 2.665138244628906250e-02
5.126600265502929688e-01 2.981472015380859375e-02
5.297079086303710938e-01 3.283977508544921875e-02
5.489683151245117188e-01 3.496074676513671875e-02
5.848722457885742188e-01 3.950881958007812500e-02
6.066541671752929688e-01 3.707313537597656250e-02
6.256027221679687500e-01 4.183483123779296875e-02
6.429796218872070312e-01 4.426765441894531250e-02
6.623182296752929688e-01 4.497337341308593750e-02
6.791076660156250000e-01 5.039215087890625000e-02
6.972990036010742188e-01 5.277538299560546875e-02
7.180938720703125000e-01 5.243682861328125000e-02
7.373046875000000000e-01 5.510139465332031250e-02
7.731504440307617188e-01 6.129741668701171875e-02
7.938070297241210938e-01 6.379032135009765625e-02
8.121709823608398438e-01 6.577873229980468750e-02
8.281478881835937500e-01 7.044124603271484375e-02
8.477582931518554688e-01 7.335376739501953125e-02
8.663282394409179688e-01 7.719326019287109375e-02
9.030961990356445312e-01 8.334159851074218750e-02
9.231462478637695312e-01 8.598423004150390625e-02
9.414281845092773438e-01 8.975410461425781250e-02
9.580631256103515625e-01 9.512424468994140625e-02
9.743366241455078125e-01 1.019849777221679688e-01
9.920520782470703125e-01 1.062707901000976562e-01
1.012087821960449219e+00 1.064929962158203125e-01
1.045687675476074219e+00 1.159162521362304688e-01
1.063832283020019531e+00 1.212387084960937500e-01
1.081100463867187500e+00 1.263036727905273438e-01
1.098729133605957031e+00 1.306390762329101562e-01
1.117522239685058594e+00 1.356935501098632812e-01
1.135292053222656250e+00 1.386423110961914062e-01
1.172723770141601562e+00 1.453065872192382812e-01
1.190449714660644531e+00 1.497182846069335938e-01
1.206954002380371094e+00 1.581754684448242188e-01
1.226463317871093750e+00 1.630086898803710938e-01
1.264140129089355469e+00 1.720495223999023438e-01
1.282286643981933594e+00 1.784772872924804688e-01
1.299986839294433594e+00 1.814107894897460938e-01
1.319476127624511719e+00 1.832838058471679688e-01
1.336146354675292969e+00 1.910762786865234375e-01
1.374710083007812500e+00 1.996870040893554688e-01
1.392802238464355469e+00 2.061529159545898438e-01
1.410336494445800781e+00 2.115840911865234375e-01
1.428374290466308594e+00 2.163686752319335938e-01
1.446525573730468750e+00 2.227993011474609375e-01
1.463020324707031250e+00 2.297010421752929688e-01
1.481262207031250000e+00 2.333345413208007812e-01
1.518666267395019531e+00 2.452039718627929688e-01
1.535811424255371094e+00 2.510299682617187500e-01
1.554030418395996094e+00 2.569894790649414062e-01
1.572630882263183594e+00 2.633342742919921875e-01
1.588347434997558594e+00 2.717924118041992188e-01
1.605769157409667969e+00 2.784633636474609375e-01
1.641586303710937500e+00 2.908630371093750000e-01
1.659059524536132812e+00 2.970991134643554688e-01
1.677858352661132812e+00 3.032789230346679688e-01
1.694731712341308594e+00 3.105192184448242188e-01
1.710845947265625000e+00 3.181781768798828125e-01
1.746336936950683594e+00 3.326921463012695312e-01
1.762674331665039062e+00 3.402509689331054688e-01
1.780382156372070312e+00 3.472509384155273438e-01
1.799898147583007812e+00 3.520803451538085938e-01
1.816428184509277344e+00 3.580417633056640625e-01
1.833320617675781250e+00 3.662004470825195312e-01
1.866955757141113281e+00 3.800449371337890625e-01
1.884383201599121094e+00 3.871603012084960938e-01
1.901227951049804688e+00 3.948793411254882812e-01
1.918118476867675781e+00 4.018201828002929688e-01
1.934742927551269531e+00 4.095535278320312500e-01
1.951528549194335938e+00 4.171266555786132812e-01
1.984830856323242188e+00 4.337759017944335938e-01
2.002079963684082031e+00 4.412612915039062500e-01
2.019294738769531250e+00 4.497089385986328125e-01
2.054182052612304688e+00 4.685668945312500000e-01
2.069631576538085938e+00 4.755315780639648438e-01
2.086530685424804688e+00 4.845094680786132812e-01
2.103009223937988281e+00 4.922780990600585938e-01
2.135922431945800781e+00 5.086746215820312500e-01
2.153475761413574219e+00 5.185241699218750000e-01
2.169378280639648438e+00 5.263109207153320312e-01
2.186305046081542969e+00 5.350847244262695312e-01
2.218274116516113281e+00 5.519275665283203125e-01
2.235063552856445312e+00 5.603284835815429688e-01
2.251775741577148438e+00 5.695371627807617188e-01
2.268124580383300781e+00 5.783233642578125000e-01
2.285171508789062500e+00 5.876989364624023438e-01
2.318864822387695312e+00 6.057453155517578125e-01
2.334808349609375000e+00 6.152830123901367188e-01
2.350466728210449219e+00 6.229887008666992188e-01
2.366510391235351562e+00 6.323060989379882812e-01
2.382443428039550781e+00 6.417684555053710938e-01
2.398757934570312500e+00 6.514196395874023438e-01
2.430967330932617188e+00 6.700735092163085938e-01
2.447374343872070312e+00 6.795501708984375000e-01
2.463047981262207031e+00 6.897115707397460938e-01
2.479451179504394531e+00 6.989545822143554688e-01
2.495973587036132812e+00 7.082824707031250000e-01
2.511384963989257812e+00 7.192077636718750000e-01
2.526522636413574219e+00 7.294692993164062500e-01
2.543081283569335938e+00 7.386646270751953125e-01
2.573907852172851562e+00 7.588186264038085938e-01
2.589131355285644531e+00 7.694597244262695312e-01
